net
{
	propagationenginegenerator1791944048146838126L = "edu.ucla.belief.approx.BeliefPropagationSettings@3120b62c";
	recoveryenginegenerator6944530267470113528l = "edu.ucla.util.SettingsImpl@7fc084a8";
	node_size = (130.0 55.0);
}

node Precinct
{
	states = ("p_40" "p_43" "p_44" "p_75" "p_67" "p_73" "p_14" "p_18" "p_32" "p_114" "p_109" "p_113" "p_120" "p_121" "p_122" "OTHER" );
	position = (930 -97);
	diagnosistype = "AUXILIARY";
	DSLxSUBMODEL = "Root Submodel";
	ismapvariable = "false";
	ID = "variable1";
	label = "Precinct";
	DSLxEXTRA_DEFINITIONxDIAGNOSIS_TYPE = "AUXILIARY";
	excludepolicy = "include whole CPT";
}
node Location
{
	states = ("INSIDE" "OUTSIDE" );
	position = (349 -21);
	diagnosistype = "AUXILIARY";
	DSLxSUBMODEL = "Root Submodel";
	ismapvariable = "false";
	ID = "variable5";
	label = "Outside or inside";
	DSLxEXTRA_DEFINITIONxDIAGNOSIS_TYPE = "AUXILIARY";
	excludepolicy = "include whole CPT";
}
node Description
{
	states = ("PETIT_LARCENY" "HARRASSMENT_2" "ASSAULT_3_RELATED_OFFENSES" "CRIMINAL_MISCHIEF_RELATED_OF" "GRAND_LARCENY" "OFF_AGNST_PUB_ORD_SENSBLTY" "DANGEROUS_DRUGS" "FELONY_ASSAULT" "ROBBERY" "MISCELLANEOUS_PENAL_LAW" "BURGLARY" "DANGEROUS_WEAPONS" "OFFENSES_AGNST_PUBLIC_ADMINISTRATION" "OTHER" );
	position = (487 -335);
	diagnosistype = "AUXILIARY";
	DSLxSUBMODEL = "Root Submodel";
	ismapvariable = "false";
	ID = "variable8";
	label = "Description of offense";
	DSLxEXTRA_DEFINITIONxDIAGNOSIS_TYPE = "AUXILIARY";
	excludepolicy = "include whole CPT";
}
node Premise
{
	states = ("STREET" "RESIDENCE_APARTMENT_HOUSE" "RESIDENCE_PUBLIC_HOUSING" "COMMERCIAL_BUILDING" "CHAIN_STORE" "TRANSIT_NYCSUBWAY" "BAR_NIGHTCLUB" "OTHER" );
	position = (410 -135);
	diagnosistype = "AUXILIARY";
	DSLxSUBMODEL = "Root Submodel";
	ismapvariable = "false";
	ID = "variable1";
	label = "Where did it occur?";
	DSLxEXTRA_DEFINITIONxDIAGNOSIS_TYPE = "AUXILIARY";
	excludepolicy = "include whole CPT";
}
node Park
{
	states = ("YES" "NO" );
	position = (729 -187);
	diagnosistype = "AUXILIARY";
	DSLxSUBMODEL = "Root Submodel";
	ismapvariable = "false";
	ID = "variable6";
	label = "Occured in a park?";
	DSLxEXTRA_DEFINITIONxDIAGNOSIS_TYPE = "AUXILIARY";
	excludepolicy = "include whole CPT";
}
node Level
{
	states = ("MISDEMEANOR" "FELONY" "VIOLATION" );
	position = (652 -512);
	diagnosistype = "AUXILIARY";
	DSLxSUBMODEL = "Root Submodel";
	ismapvariable = "false";
	ID = "variable2";
	label = "Level of offense";
	DSLxEXTRA_DEFINITIONxDIAGNOSIS_TYPE = "AUXILIARY";
	excludepolicy = "include whole CPT";
}
node Day
{
	states = ("Friday" "Wednesday" "Thursday" "Saturday" "Tuesday" "Monday" "Sunday" );
	position = (154 -28);
	diagnosistype = "AUXILIARY";
	DSLxSUBMODEL = "Root Submodel";
	ismapvariable = "false";
	ID = "variable1";
	label = "Day of the week";
	DSLxEXTRA_DEFINITIONxDIAGNOSIS_TYPE = "AUXILIARY";
	excludepolicy = "include whole CPT";
}
node Month
{
	states = ("January" "February" "March" "April" "May" "June" "July" "August" "September" "October" "November" "December" );
	position = (5 -25);
	diagnosistype = "AUXILIARY";
	DSLxSUBMODEL = "Root Submodel";
	ismapvariable = "false";
	ID = "variable0";
	label = "Month of ocurrence";
	DSLxEXTRA_DEFINITIONxDIAGNOSIS_TYPE = "AUXILIARY";
	excludepolicy = "include whole CPT";
}
node Borough
{
	states = ("BRONX" "BROOKLYN" "MANHATTAN" "QUEENS" "STATEN_ISLAND" );
	position = (619 10);
	diagnosistype = "AUXILIARY";
	DSLxSUBMODEL = "Root Submodel";
	ismapvariable = "false";
	ID = "variable4";
	label = "Borough";
	DSLxEXTRA_DEFINITIONxDIAGNOSIS_TYPE = "AUXILIARY";
	excludepolicy = "include whole CPT";
}
node Jurisdiction
{
	states = ("NY_POLICE_DEPARTMENT" "NY_HOUSING_POLICE" "NY_TRANSIT_POLICE" "PORT_AUTHORITY" "OTHER" );
	position = (232 -403);
	diagnosistype = "AUXILIARY";
	DSLxSUBMODEL = "Root Submodel";
	ismapvariable = "false";
	ID = "variable1";
	label = "Jurisdiction responsible";
	DSLxEXTRA_DEFINITIONxDIAGNOSIS_TYPE = "AUXILIARY";
	excludepolicy = "include whole CPT";
}
node Time
{
	states = ("SLOT_00_06" "SLOT_06_12" "SLOT_12_18" "SLOT_18_24" );
	position = (16 -231);
	diagnosistype = "AUXILIARY";
	DSLxSUBMODEL = "Root Submodel";
	ismapvariable = "false";
	ID = "variable2";
	label = "Time slot";
	DSLxEXTRA_DEFINITIONxDIAGNOSIS_TYPE = "AUXILIARY";
	excludepolicy = "include whole CPT";
}
node Outcome
{
	states = ("COMPLETED" "ATTEMPTED" );
	position = (16 -400);
	diagnosistype = "AUXILIARY";
	DSLxSUBMODEL = "Root Submodel";
	ismapvariable = "false";
	ID = "variable0";
	label = "Outcome of crime";
	DSLxEXTRA_DEFINITIONxDIAGNOSIS_TYPE = "AUXILIARY";
	excludepolicy = "include whole CPT";
}
potential ( Precinct | Borough Park )
{
	data = (((	0.0692076228686 0.0581745235707 0.324974924774	0.0	0.0	0.0	0.0	0.0	0.0	0.0	0.0	0.0	0.0	0.0	0.0	0.547642928786	)
		(	0.116972302541 0.111712448638 0.107441789682	0.0	0.0	0.0	0.0	0.0	0.0	0.0	0.0	0.0	0.0	0.0	0.0	0.663873459139	))
		((	0.0 0.0 0.0 0.0291044776119 0.0141791044776 0.0388059701493	0.0	0.0	0.0	0.0	0.0	0.0	0.0	0.0	0.0	0.917910447761	)
		(	0.0 0.0 0.0 0.107800502332 0.0723286688195 0.0661715105849 0.0 0.0 0.0 0.0 0.0 0.0 0.0 0.0 0.0 0.753699318263	))
		((	0.0 0.0 0.0 0.0 0.0 0.0 0.0349907918969 0.0190300798036 0.0202578268877 0.0 0.0 0.0 0.0 0.0 0.0 0.925721301412	)
		(	0.0 0.0 0.0 0.0 0.0 0.0 0.089794699777 0.072065822518 0.0589645422455 0.0 0.0 0.0 0.0 0.0 0.0 0.77917493546	))
		((	0.0 0.0 0.0 0.0 0.0 0.0 0.0 0.0 0.0 0.05 0.0988888888889 0.0333333333333 0.0 0.0 0.0 0.817777777778	)
		(	0.0 0.0 0.0 0.0 0.0 0.0 0.0 0.0 0.0 0.0966612960019 0.085692335599 0.0853402191658 0.0 0.0 0.0 0.732306149233	))
		((	0.0 0.0 0.0 0.0 0.0 0.0 0.0 0.0 0.0 0.0 0.0 0.0 0.657534246575 0.0958904109589 0.123287671233 0.123287671233	)
		(	0.0 0.0 0.0 0.0 0.0 0.0 0.0 0.0 0.0 0.0 0.0 0.0 0.354623932409 0.294930663973 0.229313986592 0.121131417026	)));
}
potential ( Location | Time )
{
	data = ((	0.437458177704	0.562541822296	)
		(	0.611681614844	0.388318385156	)
		(	0.565055152852	0.434944847148	)
		(	0.521674150663	0.478325849337	));
}
potential ( Description | Time Premise Park )
{
	data = ((((	0.09090909090905457	0.04545454545447728	0.09090909090905457	0.04545454545447728	0.09090909090905457	0.04545454545447728	0.13636363636393187	0.04545454545447728	0.09090909090905457	0.04545454545447728	0.0	0.09090909090905457	0.04545454545447728	0.13636363636393187	)
		(	0.10016254876505808	0.03566319895972068	0.11664499349806765	0.12873862158607466	0.056762028608632914	0.005429128738623149	0.07301690507154233	0.05448634590383159	0.08368010403124854	0.020611183355011952	0.002893368010401678	0.049512353706128706	0.016027308192509294	0.25637191157314865	))
		((	0.16970409603922063	0.137697262345179	0.10965238385614255	0.10204384257413265	0.09244074819772018	0.04754346246066177	0.0473032806743615	0.043514674062956574	0.032370239179342085	0.028999340022237703	0.02713009916373527	0.021869073775528432	0.018661080525624263	0.1210704171231574	)
		(	0.05682849364789318	0.16339609800398042	0.19294464609797685	0.07781306715059066	0.08155626134299021	0.06352087114339239	0.010151996370198783	0.08603675136118967	0.024727767695097033	0.03714836660619555	0.04690335753179437	0.009301270417418885	0.019736842105297633	0.12993421052598442	))
		((	0.0	0.0	0.0	0.0	0.0	0.0	0.666666666667	0.0	0.0	0.333333333333	0.0	0.0	0.0	0.0	)
		(	0.0314883947410811	0.12059730563192764	0.18211329329689072	0.09073202402204555	0.024509008277885297	0.04690796948547186	0.08813504301244712	0.09073202402204555	0.03846778120427692	0.06021749715956387	0.011199480603793282	0.04025320564837585	0.03181301736728091	0.14283395552691433	))
		((	0.0	0.0	0.0	0.3333333333333333	0.3333333333333333	0.0	0.0	0.0	0.3333333333333333	0.0	0.0	0.0	0.0	0.0	)
		(	0.13281853281890568	0.04864864864856545	0.05328185328186216	0.28803088803079546	0.13436293436290458	0.036293436293374226	0.0046332046331967105	0.0254826254825819	0.023166023165983547	0.005405405405406161	0.12664092664091006	0.001544401544398903	0.0046332046331967105	0.11505791505791829	))
		((	0.07142857142857145	0.07142857142857145	0.07142857142857145	0.07142857142857145	0.07142857142857145	0.07142857142857145	0.07142857142857145	0.07142857142857145	0.07142857142857145	0.07142857142857145	0.07142857142857145	0.07142857142857145	0.07142857142857145	0.07142857142857145	)
		(	0.5417754569191192	0.043080939947809475	0.043080939947809475	0.11618798955602556	0.08093994778071781	0.006527415143601436	0.003916449086160862	0.006527415143601436	0.04699738903391034	0.003916449086160862	0.05091383812011121	0.003916449086160862	0.0	0.05221932114881149	))
		((	0.07142857142857145	0.07142857142857145	0.07142857142857145	0.07142857142857145	0.07142857142857145	0.07142857142857145	0.07142857142857145	0.07142857142857145	0.07142857142857145	0.07142857142857145	0.07142857142857145	0.07142857142857145	0.07142857142857145	0.07142857142857145	)
		(	0.06682577565634185	0.03866348448692421	0.09021479713605648	0.06825775656324275	0.23293556085914582	0.026730310262516738	0.06634844868744155	0.032458233890220324	0.06348448687353975	0.027207637231517035	4.773269689742989E-4	0.07350835322204603	0.07494033412894692	0.13794749403308637	))
		((	0.0	0.0	0.0	0.0	0.0	0.0	0.0	0.5	0.0	0.0	0.5	0.0	0.0	0.0	)
		(	0.15988620199114073	0.06799431009965984	0.2543385490752238	0.052631578947446314	0.22304409672819628	0.006827880512096009	0.019061166429616774	0.10526315789509263	0.017069701280215024	0.013655761024212018	0.017069701280215024	0.00768136557610676	0.009388335704138263	0.04608819345664056	))
		((	0.08038585209	0.0192926045016	0.0578778135048	0.144694533762	0.0707395498392	0.0096463022508	0.096463022508	0.096463022508	0.170418006431	0.0257234726688	0.0128617363344	0.0546623794212	0.0225080385852	0.138263665595	)
		(	0.12798043611202561	0.09211330751991843	0.1108620338290222	0.18942327287503793	0.08885265946611778	0.034287752190706865	0.01029142041980206	0.04931730181370987	0.03418585693910685	0.026288974933805262	0.06877929488491377	0.015589973507203122	0.013552068473602713	0.13847564703502774	)))
		(((	0.2352941176467647	0.058823529411741175	0.058823529411741175	0.0	0.2352941176467647	0.058823529411741175	0.058823529411741175	0.0	0.11764705882388235	0.0	0.0	0.058823529411741175	0.0	0.11764705882388235	)
		(	0.18559405940616705	0.13143564356411833	0.09267326732678342	0.15331683168313803	0.07356435643566622	0.018514851485116668	0.04341584158423908	0.033019801980229725	0.03935643564363543	0.02282178217822054	0.012920792079211629	0.012772277227711496	0.014158415841612745	0.16643564356414983	))
		((	0.0	0.5	0.0	0.0	0.0	0.0	0.0	0.5	0.0	0.0	0.0	0.0	0.0	0.0	)
		(	0.09693348271702246	0.21029918253883176	0.12266069131490187	0.057720237354153825	0.11763973608890588	0.09353085190252518	0.01219967633509024	0.046889912444462487	0.01116228889169107	0.03564463255737148	0.06958794970744432	0.010083405950491934	0.021328685837582937	0.09431926635952455	))
		((	0.0	0.0	0.0	0.0	0.0	0.0	0.666666666667	0.0	0.0	0.0	0.0	0.0	0.0	0.333333333333	)
		(	0.0635508691935	0.205471644343	0.140923339983	0.0917640353377	0.0371900826446	0.092191507552	0.066970646908	0.0504417212881	0.0260758050727	0.0568538045027	0.0155314904531	0.0233684810487	0.0333428327159	0.096323738957	))
		((	0.7857142857143143	0.07142857142862857	0.0	0.0	0.14285714285705714	0.0	0.0	0.0	0.0	0.0	0.0	0.0	0.0	0.0	)
		(	0.23953261927924194	0.1642323920801659	0.04251866277184294	0.08114248620588196	0.2018825056802039	0.09607270366769705	0.0019474196689419669	0.011035378124011147	0.005193119117175246	0.02401817591692426	0.03245699448233279	0.002596559558582623	0.011684518013611802	0.08568646543338655	))
		((	0.07142857142857145	0.07142857142857145	0.07142857142857145	0.07142857142857145	0.07142857142857145	0.07142857142857145	0.07142857142857145	0.07142857142857145	0.07142857142857145	0.07142857142857145	0.07142857142857145	0.07142857142857145	0.07142857142857145	0.07142857142857145	)
		(	0.7051643192488872	0.05962441314549046	0.018309859154897072	0.02769953051639557	0.10563380281698309	0.009389671361498498	0.0014084507042297746	0.006103286384979023	0.020657276995296698	0.005633802816899099	0.009389671361498498	0.0018779342722996997	0.0028169014084495495	0.026291079812195795	))
		((	0.07142857142857145	0.07142857142857145	0.07142857142857145	0.07142857142857145	0.07142857142857145	0.07142857142857145	0.07142857142857145	0.07142857142857145	0.07142857142857145	0.07142857142857145	0.07142857142857145	0.07142857142857145	0.07142857142857145	0.07142857142857145	)
		(	0.056727272727318555	0.08327272727272725	0.08618181818182818	0.11418181818203735	0.11272727272703688	0.04581818181821499	0.03236363636361058	0.01781818181820583	0.03381818181821106	0.01672727272730547	7.272727272732379E-4	0.060363636363619744	0.0345454545455113	0.30472727272709965	))
		((	0.07142857142857145	0.07142857142857145	0.07142857142857145	0.07142857142857145	0.07142857142857145	0.07142857142857145	0.07142857142857145	0.07142857142857145	0.07142857142857145	0.07142857142857145	0.07142857142857145	0.07142857142857145	0.07142857142857145	0.07142857142857145	)
		(	0.21290322580594465	0.09677419354837483	0.1354838709679648	0.07096774193548155	0.219354838709943	0.045161290322588275	0.0	0.01935483870969497	0.006451612903228322	0.006451612903228322	0.1419354838709631	0.0	0.0	0.045161290322588275	))
		((	0.2067137809188553	0.10600706713792579	0.07067137809185053	0.08303886925794188	0.1784452296818751	0.022968197879883922	0.09893992932853075	0.04416961130736908	0.08127208480564312	0.01060070671379258	0.01060070671379258	0.012367491166091343	0.014134275618390106	0.06007067137805795	)
		(	0.2216905901119557	0.17745662858396452	0.08046089249098391	0.08677538000848266	0.12427171825697514	0.062038212414187596	0.010871334179597826	0.035510855059692904	0.017348566220696533	0.027048139830094593	0.038244963056992355	0.012563877225497488	0.020212869836895957	0.0855059727239829	)))
		(((	0.14772727272714772	0.056818181818256805	0.022727272727322723	0.04545454545454544	0.07954545454557951	0.0	0.32954545454532946	0.03409090909093408	0.14772727272714772	0.03409090909093408	0.0	0.022727272727322723	0.03409090909093408	0.04545454545454544	)
		(	0.14357756615815076	0.11745697569112333	0.11141031604211699	0.12622096012113254	0.07385737716967755	0.016818037161317658	0.09608558349050089	0.03608411466623789	0.04470121667614694	0.025728904012327018	0.008690543220159124	0.03319542706063485	0.015642977796316425	0.15053000073415806	))
		((	0.0	0.5	0.0	0.0	0.0	0.0	0.0	0.0	0.0	0.0	0.5	0.0	0.0	0.0	)
		(	0.10404116465891676	0.22144829317282283	0.11938378514090449	0.05823293172685341	0.10699046184691441	0.10448042168691642	0.010730421686691414	0.04753388554216197	0.014056224899588753	0.036144578313271086	0.046561244979862755	0.007028112449794377	0.020958835341383233	0.10240963855391806	))
		((	0.04	0.04	0.04	0.04	0.0	0.08	0.44	0.0	0.08	0.04	0.0	0.16	0.04	0.0	)
		(	0.06159760785982609	0.1880392994447744	0.13635198633083642	0.09030328919259166	0.03366082870565962	0.08355403673629976	0.122511747116853	0.04912430585214106	0.024861170439970173	0.051174711661638596	0.013498504912383805	0.02528833831696966	0.030670653566863198	0.08936351986319278	))
		((	0.28888888888900005	0.04444444444440001	0.08888888888890001	0.04444444444440001	0.22222222222200003	0.022222222222200005	0.06666666666670001	0.0	0.0	0.0	0.04444444444440001	0.0	0.0	0.17777777777800002	)
		(	0.2949763033177846	0.14388625592389495	0.043412322274868305	0.08720379146913633	0.1702369668248757	0.0809478672985409	0.0024644549762982007	0.010426540284392388	0.014597156398089343	0.018199052132686713	0.03412322274877509	0.001895734597158616	0.00928909952606322	0.0883412322274355	))
		((	0.07142857142857145	0.07142857142857145	0.07142857142857145	0.07142857142857145	0.07142857142857145	0.07142857142857145	0.07142857142857145	0.07142857142857145	0.07142857142857145	0.07142857142857145	0.07142857142857145	0.07142857142857145	0.07142857142857145	0.07142857142857145	)
		(	0.7317197886482342	0.04755411624341522	0.020794273052706654	0.018237600136405834	0.11300494290103615	0.0074995738878524	0.0017044486108705455	0.004431566388271418	0.017044486108705455	0.004431566388271418	0.005454235554801745	0.0017044486108705455	0.0020453383330506546	0.0243736151355078	))
		((	0.07142857142857145	0.07142857142857145	0.07142857142857145	0.07142857142857145	0.07142857142857145	0.07142857142857145	0.07142857142857145	0.07142857142857145	0.07142857142857145	0.07142857142857145	0.07142857142857145	0.07142857142857145	0.07142857142857145	0.07142857142857145	)
		(	0.0465003632841121	0.07725841608142009	0.09227415839192399	0.11600871881803017	0.1111649309760289	0.023734560426306173	0.03317994671830863	0.02494550738680649	0.029062727052607557	0.021070477113105477	0.002179704528940567	0.08694599176562261	0.03632840881570945	0.29934608864107787	))
		((	0.0	0.0	0.0	0.0	1.0	0.0	0.0	0.0	0.0	0.0	0.0	0.0	0.0	0.0	)
		(	0.2018633540369758	0.10869565217398697	0.07763975155279068	0.06521739130429219	0.3229813664599612	0.05900621118009292	0.0	0.034161490683195905	0.021739130434797395	0.01242236024839851	0.04347826086959479	0.0	0.006211180124219255	0.04658385093169441	))
		((	0.18977055449294308	0.058795411089882364	0.09655831739957103	0.06261950286808123	0.14722753346095588	0.02007648183559398	0.18690248565994397	0.041108986615687675	0.08843212237087347	0.018164435946494552	0.00573613766729828	0.02676864244739197	0.01147227533459656	0.0463671128106861	)
		(	0.3092873106528269	0.14837347901691691	0.0713044095213601	0.07032885167966063	0.1299265671009273	0.049522863528272267	0.014526943133791863	0.028610450885083974	0.01812763844048985	0.02273936641948727	0.028397601901484097	0.008105998793855462	0.016903756784590537	0.08384476214125305	)))
		(((	0.1690140845069324	0.0845070422534662	0.05633802816897747	0.0845070422534662	0.05633802816897747	0.014084507042294367	0.25352112676089866	0.028169014084488735	0.09859154929576057	0.028169014084488735	0.0	0.05633802816897747	0.014084507042294367	0.05633802816897747	)
		(	0.15158781215295303	0.06579332124687962	0.0917207633974716	0.15969744819395054	0.07164161646877781	0.008421545119597392	0.10840789909696641	0.036395890597888725	0.053745833089683344	0.024640817201792366	0.00393785211610878	0.04824843558098505	0.011989005204996286	0.16377176053194928	))
		((	0.5	0.0	0.0	0.0	0.0	0.0	0.5	0.0	0.0	0.0	0.0	0.0	0.0	0.0	)
		(	0.06573777528306056	0.24518770429585288	0.1818271865818909	0.07257239079465645	0.05639383233726616	0.09522237263504287	0.01756529203948946	0.06689338660145987	0.01938125268268837	0.0424934790503745	0.033149536104580116	0.010598606662893641	0.025687588734384585	0.06728959619635963	))
		((	0.11627906976705814	0.0	0.02325581395351163	0.0	0.02325581395351163	0.02325581395351163	0.46511627907023256	0.09302325581404652	0.02325581395351163	0.02325581395351163	0.0	0.06976744186053488	0.02325581395351163	0.11627906976705814	)
		(	0.03793546436941555	0.1527242499810626	0.1509861709360619	0.08040504798613296	0.01942114410940796	0.059850374064824526	0.18355626086307525	0.06173959041792531	0.028413813950011645	0.0502531549913206	0.006423335600392634	0.0446610745863183	0.03325020781381363	0.09038011033023705	))
		((	0.4222222222220843	0.0	0.1333333333330266	0.02222222222220444	0.20000000000003992	0.02222222222220444	0.0	0.02222222222220444	0.02222222222220444	0.0	0.0	0.0	0.0	0.15555555555603107	)
		(	0.2601302460202029	0.10672937771308326	0.05969609261944657	0.14580318379211374	0.1382054992761078	0.04667149059333641	0.006150506512304798	0.015918958031812418	0.019175108538414958	0.014109985528211006	0.09840810419687676	0.0025325615050719756	0.006874095513755362	0.07959479015926209	))
		((	0.16970409603922063	0.137697262345179	0.10965238385614255	0.10204384257413265	0.09244074819772018	0.04754346246066181	0.0473032806743615	0.043514674062956574	0.032370239179342085	0.028999340022237703	0.02713009916373527	0.021869073775528432	0.018661080525624263	0.1210704171231574	)
		(	0.6791111111111697	0.053037037037013256	0.02874074074070718	0.03940740740740985	0.10607407407402651	0.008888888888892223	0.003851851851850963	0.006222222222221555	0.025777777777806442	0.00592592592593148	0.013333333333303332	0.00148148148148037	0.0017777777777804443	0.02637037037040659	))
		((	0.16970409603922063	0.137697262345179	0.10965238385614255	0.10204384257413265	0.09244074819772018	0.04754346246066181	0.0473032806743615	0.043514674062956574	0.032370239179342085	0.028999340022237703	0.02713009916373527	0.021869073775528432	0.018661080525624263	0.1210704171231574	)
		(	0.04410220511026119	0.08120406020292854	0.09905495274751283	0.1491074553728688	0.1270563528178882	0.032551627581371353	0.04200210010496304	0.02975148757437382	0.039551977598865196	0.019600980048982752	0.00175008750437846	0.0700035001749384	0.047952397619857805	0.21631081554080966	))
		((	0.5	0.0	0.25	0.0	0.0	0.0	0.0	0.25	0.0	0.0	0.0	0.0	0.0	0.0	)
		(	0.21007289595785078	0.07819748177594447	0.13982770046390072	0.03843605036447271	0.30748840291578167	0.020543406229285414	0.009940357852872941	0.05964214711725764	0.00927766732935341	0.011265738899892002	0.007289595758774823	0.0066269052352552925	0.0033134526176276462	0.09807819748173033	))
		((	0.13498098859302973	0.04372623574140963	0.09695817490492133	0.05259822560201157	0.14385297845403167	0.016476552598203627	0.18884664131804155	0.06590621039291451	0.12674271229402792	0.014575411913803207	0.002534854245880558	0.03992395437260879	0.015209125475303346	0.05766793409381269	)
		(	0.23426677961016396	0.14335542378810034	0.10419054262807292	0.10291992625407204	0.09733917982966812	0.047212118192233046	0.021351337884314942	0.04277741790822994	0.024839304399817387	0.02944840300962061	0.03831780357772682	0.01088743833770762	0.01848622253231294	0.08460810204795921	))));
}
potential ( Premise | Location Borough )
{
	data = (((	0.01427087320249272	0.47691690815975674	0.11959830134693901	0.021852844150388854	0.029945140065984727	0.0	0.005340186268607276	0.33207574680583063	)
		(	0.015823177029512664	0.39618536115131703	0.12330785650309865	0.0326103422158261	0.03792604833713035	0.0	0.010851752392808684	0.3832954623703067	)
		(	0.009109711956699202	0.29861301213630165	0.126714724579128	0.06112175685136174	0.0734556072634742	0.03887215986863927	0.0	0.39211302734439607	)
		(	0.0144939802373971	0.31055204079493787	0.04079473561709184	0.045111191045490974	0.03455280252219309	0.0	0.0140073210469972	0.5404879287358919	)
		(	0.016589611096000167	0.18946605022200189	0.0699845888859007	0.035354908893100355	0.038346478107200384	0.0	0.0054392167527900544	0.6448191460430064	))
		((	0.6643779502983921	0.06064448172283579	0.07332345023994327	0.00710022236960419	0.002418757070961428	0.04178207779032466	0.0022236960168513123	0.14812936449108743	)
		(	0.6333308850529873	0.06817480719789865	0.04790304810869904	0.011120088138099778	0.0038633859713599226	0.03716489166359926	0.003745868527359925	0.1946970253399961	)
		(	0.5836364732602626	0.0371204051691167	0.07182908937443232	0.010752255964004838	0.004722953554272125	0.1191792109650536	0.008762586168783943	0.1639970255440738	)
		(	0.598357194137988	0.050149921871699	0.01594239621609968	0.01252164365049975	0.0036952574010699264	0.025951264833799483	0.006355842729849874	0.28702647915899426	)
		(	0.49482439926069327	0.05415896487986642	0.027171903881683154	0.015249537892790545	0.005360443622916677	0.0	0.0039741219962975355	0.3992606284657525	)));
}
potential ( Park | Borough Location )
{
	data = (((	0.0018043632784691518	0.9981956367215309	)
		(	0.017516482659098248	0.9824835173409018	))
		((	0.0017627212008502642	0.9982372787991498	)
		(	0.01780389276529466	0.9821961072347053	))
		((	0.002554977643950128	0.9974450223560499	)
		(	0.02936270273529119	0.9706372972647088	))
		((	0.0023486595713192483	0.9976513404286808	)
		(	0.016660331939705	0.983339668060295	))
		((	9.065361254645785E-4	0.9990934638745355	)
		(	0.005822550831791223	0.9941774491682088	)));
}
potential ( Level | Description )
{
	data = ((	1.0	0.0	0.0	)
		(	0.0	0.0	1.0	)
		(	1.0	0.0	0.0	)
		(	0.796107165517	0.203892834483	0.0	)
		(	0.0	1.0	0.0	)
		(	1.0	0.0	0.0	)
		(	0.790410172635	0.209589827365	0.0	)
		(	0.0	1.0	0.0	)
		(	0.0	1.0	0.0	)
		(	0.0	0.9440403312928112	0.055959668707188805	)
		(	0.0	1.0	0.0	)
		(	0.478177824468	0.521822175532	0.0	)
		(	1.0	0.0	0.0	)
		(	0.6004588659455257	0.3963497731546869	0.003191360899787479	));
}
potential ( Day | )
{
	data = (	0.15553425149684447	0.1466888897238533	0.14503886946485495	0.14424101156685576	0.14161559958385836	0.13521393870286477	0.13166743946086834	);
}
potential ( Month | )
{
	data = (	0.0806504839363	0.0727888684203	0.0832403891541	0.0830837416611	0.0879774093429	0.0877915209845	0.0874991123309	0.0899031291903	0.0834993796759	0.0865028342753	0.0783759623378	0.0786871686906	);
}
potential ( Borough | )
{
	data = (	0.29383630880291184	0.24124902882992763	0.2216627262929335	0.1976153081429407	0.04563662793128631	);
}
potential ( Jurisdiction | Description )
{
	data = ((	0.9636207002645858	0.023075503045990077	0.007704141283606689	0.00339671404836854	0.002202941357449053	)
		(	0.8885939632943599	0.09686030638563924	0.013150310935805326	0.0012134081601704913	1.8201122402507374E-4	)
		(	0.8641385090093024	0.10812921412503784	0.020932535903407323	0.004780770256371673	0.0020189707058807065	)
		(	0.8955566016497224	0.06803250168847891	0.028244540412191245	0.006979266869967837	0.0011870893796396321	)
		(	0.9336210207632241	0.036736630442108814	0.023768102844505704	0.004066785657800976	0.0018074602923604337	)
		(	0.86131611316069	0.11812510982295747	0.01664909506239401	0.001976805482339288	0.0019328764716193044	)
		(	0.7402092807632591	0.2165217007370758	0.02185526954830765	0.013466378206504714	0.007947370744852782	)
		(	0.8380609551236481	0.11015118790495375	0.014878809695193753	0.002783777297818831	0.03412526997838567	)
		(	0.8977998580553502	0.0700045164204273	0.02993741531711168	0.001032324666110403	0.0012258855410004783	)
		(	0.8041771696078043	0.14634497659314635	0.017933021245917932	0.0020165646381020167	0.02952826791502953	)
		(	0.9641262509622806	0.03202463433410932	0.0014626635873704256	0.0017705927636605151	6.158583525791792E-4	)
		(	0.7569477604810378	0.12501193773300626	0.08471015184800423	0.03017858848250151	0.0031515614554501574	)
		(	0.69266927812	0.137213206491	0.0608841634024	0.0135422495803	0.0956911024063	)
		(	0.8528696372199147	0.0659662923286934	0.05214856216249479	0.017474857251298256	0.011540651037598847	));
}
potential ( Time | Month Day )
{
	data = (((	0.22319362303922316	0.18398045770118396	0.3112625353563112	0.28156338390328156	)
		(	0.117785169243	0.19956955586	0.31246331442	0.370181960477	)
		(	0.138985005767139	0.2006920415222007	0.3487120338333487	0.3116109188773116	)
		(	0.231039091213	0.153859004343	0.300367524223	0.314734380221	)
		(	0.115669274688	0.203637132586	0.371114400508	0.309579192218	)
		(	0.136846867225	0.205157204252	0.361682877177	0.296313051346	)
		(	0.23389641730076613	0.1498050863188502	0.31019120103968983	0.3061072953406939	))
		((	0.15514837681715515	0.18203545110518204	0.3202549292973203	0.3425612427803426	)
		(	0.2089552238802059	0.33924129353238	0.0	0.45180348258741404	)
		(	0.126330588472	0.210283189395	0.308495681864	0.354890540269	)
		(	0.23815213062523816	0.14954201513314955	0.2951015531662951	0.31720430107531716	)
		(	0.10888557425989114	0.20029831664179976	0.36927338589363073	0.32154272320467847	)
		(	0.1485909479078514	0.2037574722457962	0.2823228010247177	0.3653287788216346	)
		(	0.2482072634742482	0.15105250983115107	0.30534351145030536	0.29539671524429545	))
		((	0.16228467815	0.186400725295	0.327107887579	0.324206708976	)
		(	0.1293956462168706	0.2088597960117911	0.367940325772632	0.2938042319987062	)
		(	0.12671594509	0.198219942676	0.360084477297	0.314979634937	)
		(	0.24310776942375686	0.15982263350684014	0.2932330827067067	0.30383651436269615	)
		(	0.117778439547	0.201161405599	0.378796902918	0.302263251936	)
		(	0.133965108766	0.208916648719	0.363127288391	0.293990954124	)
		(	0.263112078346	0.142328618063	0.302285092492	0.292274211099	))
		((	0.1602046311251602	0.18982229402318984	0.3342757135163343	0.31569736133531573	)
		(	0.121894130356	0.198055455528	0.362261433201	0.317788980915	)
		(	0.149150644017	0.192831808848	0.354489453052	0.303528094083	)
		(	0.24958276437575044	0.16264603246883738	0.28796844181471204	0.2998027613407002	)
		(	0.123340040241	0.2	0.359356136821	0.317303822938	)
		(	0.133529990167	0.213962635202	0.37069813176	0.281809242871	)
		(	0.249895702962	0.153942428035	0.292448894451	0.303712974552	))
		((	0.154553339115	0.18473547268	0.333044232437	0.327666955768	)
		(	0.12313961729287688	0.20836286321779166	0.3515237420266485	0.31697377746268307	)
		(	0.134788884879	0.193251533742	0.348430169614	0.323529411765	)
		(	0.242345997787	0.158613057912	0.289007746219	0.310033198082	)
		(	0.11773319666111774	0.2080831746962081	0.36359642700236366	0.3105872016403106	)
		(	0.140104007342	0.200978892628	0.357754665035	0.301162434995	)
		(	0.257129426512	0.152146662488	0.292854904419	0.297869006581	))
		((	0.14776632302400003	0.202405498282	0.33384879725100003	0.31597938144300003	)
		(	0.143567015847	0.210717163578	0.334139135106	0.311576685469	)
		(	0.14383757506414382	0.19802688018319803	0.33843294252233846	0.3197026022303197	)
		(	0.239633027523	0.155412844037	0.291009174312	0.313944954128	)
		(	0.126670327659	0.208676551345	0.349807797913	0.314845323083	)
		(	0.14293361884385705	0.21234832262678766	0.3511777301926488	0.29354032833670646	)
		(	0.23801369863	0.160578386606	0.287480974125	0.313926940639	))
		((	0.1719501839798281	0.19728276252480273	0.3155958109256844	0.3151712425696849	)
		(	0.15402588066115402	0.19698058950419697	0.34345794392534346	0.3055355859093055	)
		(	0.154304277206	0.199422486916	0.339108464176	0.307164771702	)
		(	0.234586024662	0.162654139753	0.287433940106	0.315325895479	)
		(	0.14783253056685214	0.18914412745481085	0.3423490181546576	0.32067432382367933	)
		(	0.178858599725	0.195136301236	0.319670523632	0.306334575407	)
		(	0.244347419305	0.167940121628	0.280523935755	0.307188523312	))
		((	0.172777585611	0.177966101695	0.328260117606	0.320996195088	)
		(	0.150477016479	0.187337380746	0.334634287366	0.327551315409	)
		(	0.1510843812648489	0.18516493530181485	0.3320575906686679	0.3316930927646683	)
		(	0.244589125462	0.16822101003	0.275734647193	0.311455217315	)
		(	0.137769309688	0.194489227612	0.336655430163	0.331086032537	)
		(	0.168857431749	0.19991333237	0.329914776831	0.30131445905	)
		(	0.267870302137	0.153279292557	0.282424465733	0.296425939573	))
		((	0.141548590239	0.203807070273	0.330327751539	0.324316587949	)
		(	0.135986733001864	0.21614151464878384	0.3442049014186558	0.3036668509306963	)
		(	0.15032774945384966	0.20772032046579228	0.3334304442826666	0.3085214857976915	)
		(	0.24008933556675993	0.160990135864839	0.2895961287917104	0.3093243997766907	)
		(	0.141948756312	0.214325790163	0.347297550028	0.296427903497	)
		(	0.155373592631	0.202047082907	0.34636642784	0.296212896622	)
		(	0.26756968983126755	0.16117000392616118	0.27463682764027464	0.2966234786022966	))
		((	0.131985940246	0.205448154657	0.333919156415	0.328646748682	)
		(	0.129062209842	0.209470752089	0.364902506964	0.296564531105	)
		(	0.14692626645014695	0.21885703984121888	0.33693888588433696	0.2972778078242973	)
		(	0.2493399824	0.168671164564	0.284540921091	0.297447931945	)
		(	0.122120247237	0.198164450272	0.356808391084	0.322906911407	)
		(	0.14601978332514604	0.2027005809392027	0.34353901711434354	0.30774061862130775	)
		(	0.278876834716	0.152839821315	0.285577536694	0.282705807275	))
		((	0.154405086285	0.182924613987	0.332061762035	0.330608537693	)
		(	0.13051555968400003	0.22263508282999997	0.35593745161800006	0.29091190586800003	)
		(	0.145402416547	0.213598197829	0.328691378251	0.312308007373	)
		(	0.2169124877087831	0.1632251720748368	0.316027531956684	0.30383480825969617	)
		(	0.132793522267	0.214898785425	0.346234817814	0.306072874494	)
		(	0.123803446075	0.237609019358	0.36545415869	0.273133375877	)
		(	0.25800296798774197	0.16620733517083378	0.2927708289167072	0.2830188679247169	))
		((	0.14991816693914992	0.19247135842919247	0.33682487725033683	0.3207855973813208	)
		(	0.129472874182	0.207002693344	0.367064255483	0.296460176991	)
		(	0.14105361595985896	0.19311097256880688	0.3488154613466512	0.31701995012468304	)
		(	0.247735748535	0.154679453028	0.29603977979	0.301545018647	)
		(	0.130990415335131	0.2110505544072111	0.36421725239636427	0.29374177786129374	)
		(	0.13629469122413632	0.20563380281720564	0.3631635969663632	0.2949079089922949	)
		(	0.263289984029	0.151266255989	0.285420944559	0.300022815423	)));
}
potential ( Outcome | Level Description Time )
{
	data = ((((	0.9801357186921961	0.019864281307803974	)
		(	0.9862290133937042	0.01377098660629587	)
		(	0.9852077120670986	0.01479228793290148	)
		(	0.9878946017622964	0.012105398237703633	))
		((	0.9827779216548035	0.017222078345196557	)
		(	0.9827779216548035	0.017222078345196557	)
		(	0.9827779216548035	0.017222078345196557	)
		(	0.9827779216548035	0.017222078345196557	))
		((	0.9945184025058708	0.005481597494129288	)
		(	0.9926923955240894	0.007307604475910659	)
		(	0.9932387200428411	0.006761279957158918	)
		(	0.9943395136602585	0.005660486339741472	))
		((	0.9971091303300399	0.0028908696699601155	)
		(	0.9970457902511096	0.002954209748890325	)
		(	0.9971079391734288	0.0028920608265712434	)
		(	0.9968716618342691	0.003128338165730845	))
		((	0.9827779216548035	0.017222078345196557	)
		(	0.9827779216548035	0.017222078345196557	)
		(	0.9827779216548035	0.017222078345196557	)
		(	0.9827779216548035	0.017222078345196557	))
		((	0.9953878406708607	0.004612159329139355	)
		(	0.995924875974488	0.0040751240255119964	)
		(	0.9961995249406215	0.003800475059378556	)
		(	0.9976247030878903	0.002375296912109739	))
		((	0.9931636916065332	0.006836308393466786	)
		(	0.9959919839679403	0.00400801603205976	)
		(	0.995020604395602	0.004979395604398008	)
		(	0.9949672873678906	0.005032712632109446	))
		((	0.9827779216548035	0.017222078345196557	)
		(	0.9827779216548035	0.017222078345196557	)
		(	0.9827779216548035	0.017222078345196557	)
		(	0.9827779216548035	0.017222078345196557	))
		((	0.9827779216548035	0.017222078345196557	)
		(	0.9827779216548035	0.017222078345196557	)
		(	0.9827779216548035	0.017222078345196557	)
		(	0.9827779216548035	0.017222078345196557	))
		((	0.9827779216548035	0.017222078345196557	)
		(	0.9827779216548035	0.017222078345196557	)
		(	0.9827779216548035	0.017222078345196557	)
		(	0.9827779216548035	0.017222078345196557	))
		((	0.9827779216548035	0.017222078345196557	)
		(	0.9827779216548035	0.017222078345196557	)
		(	0.9827779216548035	0.017222078345196557	)
		(	0.9827779216548035	0.017222078345196557	))
		((	0.9942028985507216	0.005797101449278377	)
		(	0.9931740614334469	0.006825938566553071	)
		(	0.9937543372657913	0.006245662734208688	)
		(	0.994858611825189	0.005141388174810977	))
		((	0.9913735899137422	0.008626410086257757	)
		(	0.9944444444444376	0.005555555555562444	)
		(	0.9951048951049005	0.004895104895099511	)
		(	0.9938583815028907	0.006141618497109325	))
		((	0.9867116426453947	0.013288357354605315	)
		(	0.9852764937510986	0.014723506248901473	)
		(	0.9816240632379019	0.018375936762098165	)
		(	0.9896219421793959	0.010378057820604152	)))
		(((	0.9827779216548035	0.017222078345196557	)
		(	0.9827779216548035	0.017222078345196557	)
		(	0.9827779216548035	0.017222078345196557	)
		(	0.9827779216548035	0.017222078345196557	))
		((	0.9827779216548035	0.017222078345196557	)
		(	0.9827779216548035	0.017222078345196557	)
		(	0.9827779216548035	0.017222078345196557	)
		(	0.9827779216548035	0.017222078345196557	))
		((	0.9827779216548035	0.017222078345196557	)
		(	0.9827779216548035	0.017222078345196557	)
		(	0.9827779216548035	0.017222078345196557	)
		(	0.9827779216548035	0.017222078345196557	))
		((	0.9962686567164184	0.0037313432835815673	)
		(	0.9988297249853696	0.001170275014630433	)
		(	0.9952380952380996	0.004761904761900476	)
		(	0.9986068542769602	0.0013931457230399443	))
		((	0.9875983061100988	0.01240169388990124	)
		(	0.979892761394098	0.020107238605902012	)
		(	0.9767413834659023	0.023258616534097675	)
		(	0.9841479524439016	0.015852047556098415	))
		((	0.9827779216548035	0.017222078345196557	)
		(	0.9827779216548035	0.017222078345196557	)
		(	0.9827779216548035	0.017222078345196557	)
		(	0.9827779216548035	0.017222078345196557	))
		((	0.9786276715410979	0.021372328458902138	)
		(	0.9874015748030988	0.012598425196901259	)
		(	0.9860465116279014	0.013953488372098602	)
		(	0.9886187273668022	0.011381272633197723	))
		((	0.964613618974807	0.035386381025192926	)
		(	0.950697950698	0.049302049302	)
		(	0.9423182567295288	0.05768174327047115	)
		(	0.944829620888	0.055170379112	))
		((	0.896054807465	0.103945192535	)
		(	0.872351160444	0.127648839556	)
		(	0.873625030555	0.126374969445	)
		(	0.881186212209	0.118813787791	))
		((	0.9939534883720894	0.006046511627910544	)
		(	0.9901883830455346	0.009811616954465387	)
		(	0.989795918367297	0.010204081632703064	)
		(	0.9923148579413077	0.0076851420586923815	))
		((	0.893241167435	0.106758832565	)
		(	0.932384341637	0.067615658363	)
		(	0.9287941787941858	0.07120582120581426	)
		(	0.9194567277321839	0.0805432722678161	))
		((	0.9946524064171094	0.005347593582890588	)
		(	0.989247311828	0.010752688172	)
		(	0.9954988747186815	0.00450112528131856	)
		(	0.9935513588208211	0.006448641179178839	))
		((	0.9827779216548035	0.017222078345196557	)
		(	0.9827779216548035	0.017222078345196557	)
		(	0.9827779216548035	0.017222078345196557	)
		(	0.9827779216548035	0.017222078345196557	))
		((	0.958225667528	0.041774332472	)
		(	0.969981238273903	0.030018761726097	)
		(	0.9691534175839032	0.030846582416096918	)
		(	0.9743627962439027	0.02563720375609744	)))
		(((	0.9827779216548035	0.017222078345196557	)
		(	0.9827779216548035	0.017222078345196557	)
		(	0.9827779216548035	0.017222078345196557	)
		(	0.9827779216548035	0.017222078345196557	))
		((	0.996691599539701	0.0033084004602990076	)
		(	0.9971074114546511	0.002892588545348988	)
		(	0.9974526016871297	0.0025473983128703314	)
		(	0.9974839537869102	0.0025160462130897738	))
		((	0.9827779216548035	0.017222078345196557	)
		(	0.9827779216548035	0.017222078345196557	)
		(	0.9827779216548035	0.017222078345196557	)
		(	0.9827779216548035	0.017222078345196557	))
		((	0.9827779216548035	0.017222078345196557	)
		(	0.9827779216548035	0.017222078345196557	)
		(	0.9827779216548035	0.017222078345196557	)
		(	0.9827779216548035	0.017222078345196557	))
		((	0.9827779216548035	0.017222078345196557	)
		(	0.9827779216548035	0.017222078345196557	)
		(	0.9827779216548035	0.017222078345196557	)
		(	0.9827779216548035	0.017222078345196557	))
		((	0.9827779216548035	0.017222078345196557	)
		(	0.9827779216548035	0.017222078345196557	)
		(	0.9827779216548035	0.017222078345196557	)
		(	0.9827779216548035	0.017222078345196557	))
		((	0.9827779216548035	0.017222078345196557	)
		(	0.9827779216548035	0.017222078345196557	)
		(	0.9827779216548035	0.017222078345196557	)
		(	0.7434856250829938	0.2565143749170063	))
		((	0.9827779216548035	0.017222078345196557	)
		(	0.9827779216548035	0.017222078345196557	)
		(	0.9827779216548035	0.017222078345196557	)
		(	0.9827779216548035	0.017222078345196557	))
		((	0.9827779216548035	0.017222078345196557	)
		(	0.9827779216548035	0.017222078345196557	)
		(	0.9827779216548035	0.017222078345196557	)
		(	0.9827779216548035	0.017222078345196557	))
		((	0.9933774834437119	0.00662251655628808	)
		(	1.0	0.0	)
		(	0.9955156950672588	0.004484304932741166	)
		(	0.9961832061068705	0.003816793893129504	))
		((	0.9709424378629629	0.029057562137037155	)
		(	0.9709424378629629	0.029057562137037155	)
		(	0.9709424378629629	0.029057562137037155	)
		(	0.9709424378629629	0.029057562137037155	))
		((	0.9709424378629629	0.029057562137037155	)
		(	0.9709424378629629	0.029057562137037155	)
		(	0.9709424378629629	0.029057562137037155	)
		(	0.9709424378629629	0.029057562137037155	))
		((	0.9827779216548035	0.017222078345196557	)
